------ Sensor Log Start -------------
05:21:10:00 2153 1549 1774 1647
05:21:00:00 2151 1552 1782 1646
05:20:50:00 2153 1554 1780 1647
05:20:40:00 2162 1556 1780 1647
05:20:30:00 2154 1553 1779 1647
05:20:20:00 2155 1555 1777 1644
05:20:10:00 2155 1556 1775 1648
05:20:00:00 2159 1558 1778 1649
05:19:50:00 2159 1561 1776 1646
05:19:40:00 2163 1559 1775 1646
05:19:30:00 2168 1561 1778 1647
05:19:20:00 2162 1558 1775 1643
05:19:10:00 2159 1558 1780 1641
05:19:00:00 2163 1556 1775 1642
05:18:50:00 2163 1557 1769 1636
05:18:40:00 2165 1559 1770 1635
05:18:30:00 2163 1555 1775 1634
05:18:20:00 2163 1554 1764 1631
05:18:10:00 2164 1557 1769 1629
05:18:00:00 2164 1552 1766 1633
05:17:50:00 2162 1545 1756 1626
05:17:40:00 2169 1549 1764 1628
05:17:30:00 2166 1548 1763 1617
05:17:20:00 2164 1545 1756 1618
05:17:10:00 2169 1544 1741 1618
05:17:00:00 2167 1547 1731 1609
05:16:50:00 2161 1535 1731 1608
05:16:40:00 2163 1536 1733 1609
05:16:30:00 2163 1539 1723 1614
05:16:20:00 2163 1534 1727 1609
05:16:10:00 2165 1532 1718 1615
05:16:00:00 2167 1531 1725 1599
05:15:50:00 2169 1526 1729 1595
05:15:40:00 2169 1526 1735 1595
05:15:30:00 2173 1526 1755 1605
05:15:20:00 2176 1529 1825 1636
05:15:10:00 2176 1527 1839 1627
05:15:00:00 2185 1527 1818 1618
05:14:50:00 2186 1528 1824 1612
05:14:40:00 2199 1520 1756 1563
05:14:30:00 2189 1524 1812 1571
05:14:20:00 2200 1520 1810 1555
05:14:10:00 2210 1527 1791 1552
05:14:00:00 2218 1523 1807 1553
05:13:50:00 2221 1520 1809 1541
05:13:40:00 2214 1505 1801 1524
05:13:30:00 2219 1505 1797 1529
05:13:20:00 2220 1484 1784 1516
05:13:10:00 2216 1485 1766 1505
05:13:00:00 2223 1487 1747 1495
05:12:50:00 2202 1467 1740 1499
05:12:40:00 2216 1472 1741 1494
05:12:30:00 2223 1467 1741 1499
05:12:20:00 2201 1444 1742 1481
05:12:10:00 2192 1439 1737 1473
05:12:00:00 2206 1439 1755 1472
05:11:50:00 2213 1439 1761 1466
05:11:40:00 2226 1433 1757 1452
05:11:30:00 2200 1418 1761 1444
05:11:20:00 2192 1410 1755 1427
05:11:10:00 2194 1404 1749 1424
05:11:00:00 2200 1410 1735 1423
05:10:50:00 2190 1395 1727 1416
05:10:40:00 2191 1392 1718 1412
05:10:30:00 2186 1384 1714 1405
05:10:20:00 2191 1385 1717 1401
05:10:10:00 2186 1383 1727 1390
05:10:00:00 2176 1373 1716 1385
05:09:50:00 2166 1368 1714 1375
05:09:40:00 2154 1352 1704 1363
05:09:30:00 2141 1345 1699 1363
05:09:20:00 2132 1334 1697 1347
05:09:10:00 2139 1328 1695 1348
05:09:00:00 2133 1326 1697 1353
05:08:50:00 2129 1327 1693 1349
05:08:40:00 2126 1321 1693 1344
05:08:30:00 2122 1313 1696 1343
05:08:20:00 2124 1313 1688 1337
05:08:10:00 2127 1310 1687 1343
05:08:00:00 2116 1307 1689 1337
05:07:50:00 2121 1305 1684 1332
05:07:40:00 2113 1304 1689 1333
05:07:30:00 2117 1301 1691 1338
05:07:20:00 2117 1298 1687 1328
05:07:10:00 2120 1298 1689 1325
05:07:00:00 2119 1296 1685 1324
05:06:50:00 2119 1296 1682 1323
05:06:40:00 2118 1293 1686 1323
05:06:30:00 2120 1292 1686 1326
05:06:20:00 2118 1292 1686 1320
05:06:10:00 2116 1287 1688 1317
05:06:00:00 2117 1283 1690 1317
05:05:50:00 2116 1283 1681 1313
05:05:40:00 2115 1278 1687 1315
05:05:30:00 2117 1275 1682 1305
05:05:20:00 2116 1271 1678 1307
05:05:10:00 2117 1269 1690 1304
05:05:00:00 2116 1271 1684 1307
05:04:50:00 2119 1269 1686 1305
05:04:40:00 2121 1268 1683 1307
05:04:30:00 2119 1257 1680 1301
05:04:20:00 2114 1259 1685 1296
05:04:10:00 2119 1256 1682 1296
05:04:00:00 2112 1252 1683 1292
05:03:50:00 2112 1247 1682 1287
05:03:40:00 2112 1234 1682 1287
05:03:30:00 2111 1242 1679 1284
05:03:20:00 2108 1233 1679 1280
05:03:10:00 2112 1227 1678 1275
05:03:00:00 2102 1219 1673 1272
05:02:50:00 2108 1218 1675 1265
05:02:40:00 2118 1214 1677 1262
05:02:30:00 2117 1209 1675 1260
05:02:20:00 2112 1200 1673 1252
05:02:10:00 2118 1195 1672 1245
05:02:00:00 2106 1189 1678 1238
05:01:50:00 2111 1183 1667 1232
05:01:40:00 2113 1179 1677 1230
05:01:30:00 2114 1165 1674 1221
05:01:20:00 2117 1158 1675 1214
05:01:10:00 2120 1149 1675 1209
05:01:00:00 2111 1139 1670 1195
05:00:50:00 2116 1129 1674 1187
05:00:40:00 2114 1107 1671 1169
05:00:30:00 2124 1082 1675 1144
05:00:20:00 2125 1017 1677 1113
05:00:10:00 2122 1535 1679 1702
05:00:00:00 2132 1531 1682 1699
04:23:50:00 2127 1534 1676 1705
04:23:40:00 2127 1532 1676 1699
04:23:30:00 2124 1524 1674 1697
04:23:20:00 2136 1529 1675 1695
04:23:10:00 2126 1525 1678 1694
04:23:00:00 2130 1522 1676 1699
04:22:50:00 2133 1529 1677 1702
04:22:40:00 2135 1522 1673 1701
04:22:30:00 2146 1524 1675 1691
04:22:20:00 2138 1522 1671 1693
04:22:10:00 2136 1522 1675 1696
04:22:00:00 2142 1526 1671 1695
04:21:50:00 2140 1525 1673 1690
04:21:40:00 2146 1524 1673 1698
04:21:30:00 2145 1520 1681 1690
04:21:20:00 2154 1518 1675 1695
04:21:10:00 2149 1520 1673 1694
04:21:00:00 2154 1514 1677 1690
04:20:50:00 2159 1516 1678 1693
04:20:40:00 2155 1517 1680 1697
04:20:30:00 2157 1512 1681 1696
04:20:20:00 2159 1509 1677 1698
04:20:10:00 2162 1507 1675 1706
04:20:00:00 2165 1501 1681 1699
04:19:50:00 2169 1499 1676 1695
04:19:40:00 2164 1491 1676 1694
04:19:30:00 2170 1493 1680 1689
04:19:20:00 2178 1485 1676 1693
04:19:10:00 2172 1481 1677 1693
04:19:00:00 2178 1474 1673 1698
04:18:50:00 2179 1469 1670 1691
04:18:40:00 2175 1461 1670 1690
04:18:30:00 2175 1457 1664 1690
04:18:20:00 2179 1450 1660 1690
04:18:10:00 2177 1449 1661 1687
04:18:00:00 2178 1441 1656 1687
04:17:50:00 2180 1427 1662 1688
04:17:40:00 2179 1431 1654 1691
04:17:30:00 2175 1411 1650 1675
04:17:20:00 2173 1403 1636 1680
04:17:10:00 2174 1397 1637 1682
04:17:00:00 2180 1391 1625 1680
04:16:50:00 2179 1379 1631 1672
04:16:40:00 2176 1379 1629 1670
04:16:30:00 2172 1370 1619 1670
04:16:20:00 2179 1368 1615 1672
04:16:10:00 2172 1356 1604 1666
04:16:00:00 2182 1352 1596 1665
04:15:50:00 2174 1344 1611 1661
04:15:40:00 2176 1340 1620 1669
04:15:30:00 2178 1330 1642 1685
04:15:20:00 2186 1320 1719 1719
04:15:10:00 2181 1305 1713 1712
04:15:00:00 2189 1305 1713 1700
04:14:50:00 2187 1286 1705 1688
04:14:40:00 2199 1279 1623 1638
04:14:30:00 2188 1274 1684 1640
04:14:20:00 2206 1267 1705 1636
04:14:10:00 2206 1270 1698 1628
04:14:00:00 2212 1269 1683 1621
04:13:50:00 2208 1273 1669 1608
04:13:40:00 2214 1267 1679 1609
04:13:30:00 2207 1258 1665 1603
04:13:20:00 2217 1249 1650 1598
04:13:10:00 2217 1281 1639 1595
04:13:00:00 2220 1719 1643 1586
04:12:50:00 2213 1716 1627 1588
04:12:40:00 2201 1701 1622 1582
04:12:30:00 2206 1696 1619 1578
04:12:20:00 2197 1681 1601 1560
04:12:10:00 2192 1676 1597 1558
04:12:00:00 2188 1675 1614 1558
04:11:50:00 2186 1661 1614 1552
04:11:40:00 2187 1663 1621 1540
04:11:30:00 2173 1660 1623 1532
04:11:20:00 2181 1657 1615 1527
04:11:10:00 2179 1655 1605 1522
04:11:00:00 2165 1645 1601 1519
04:10:50:00 2168 1650 1604 1512
04:10:40:00 2158 1632 1592 1502
04:10:30:00 2159 1630 1596 1499
04:10:20:00 2156 1633 1599 1496
04:10:10:00 2153 1623 1597 1490
04:10:00:00 2156 1619 1588 1481
04:09:50:00 2144 1612 1587 1481
04:09:40:00 2139 1597 1583 1478
04:09:30:00 2130 1600 1587 1492
04:09:20:00 2134 1582 1574 1491
04:09:10:00 2127 1588 1576 1474
04:09:00:00 2135 1585 1572 1470
04:08:50:00 2120 1577 1577 1460
04:08:40:00 2106 1569 1571 1439
04:08:30:00 2114 1563 1569 1441
04:08:20:00 2097 1563 1567 1428
04:08:10:00 2100 1553 1568 1425
04:08:00:00 2099 1545 1558 1417
04:07:50:00 2093 1542 1565 1415
04:07:40:00 2090 1536 1563 1412
04:07:30:00 2088 1529 1565 1407
04:07:20:00 2089 1534 1560 1407
04:07:10:00 2086 1537 1559 1403
04:07:00:00 2023 1530 1558 1408
04:06:50:00 2087 1528 1558 1401
04:06:40:00 2088 1525 1561 1402
04:06:30:00 2099 1529 1560 1406
04:06:20:00 2093 1524 1557 1395
04:06:10:00 2092 1524 1558 1396
04:06:00:00 2086 1521 1560 1390
04:05:50:00 2100 1522 1555 1394
04:05:40:00 2099 1526 1556 1393
04:05:30:00 2096 1524 1557 1393
04:05:20:00 2102 1523 1564 1386
04:05:10:00 2099 1521 1556 1390
04:05:00:00 2094 1524 1555 1389
04:04:50:00 2101 1521 1555 1386
04:04:40:00 2109 1520 1558 1381
04:04:30:00 2110 1520 1562 1383
04:04:20:00 2103 1519 1557 1385
04:04:10:00 2109 1516 1557 1381
04:04:00:00 2104 1523 1557 1371
04:03:50:00 2115 1524 1554 1376
04:03:40:00 2106 1520 1555 1376
04:03:30:00 2110 1520 1560 1370
04:03:20:00 2109 1519 1556 1369
04:03:10:00 2110 1523 1557 1368
04:03:00:00 2108 1522 1565 1372
04:02:50:00 2112 1513 1559 1364
04:02:40:00 2122 1519 1563 1363
04:02:30:00 2117 1523 1561 1360
04:02:20:00 2117 1519 1566 1360
04:02:10:00 2117 1519 1554 1358
04:02:00:00 2117 1515 1560 1356
04:01:50:00 2118 1524 1557 1349
04:01:40:00 2119 1513 1558 1351
04:01:30:00 2121 1520 1557 1344
04:01:20:00 2127 1517 1553 1343
04:01:10:00 2125 1516 1558 1335
04:01:00:00 2132 1520 1559 1330
04:00:50:00 2137 1516 1559 1333
04:00:40:00 2135 1517 1559 1323
04:00:30:00 2126 1517 1560 1319
04:00:20:00 2073 1519 1558 1305
04:00:10:00 2131 1520 1562 1298
04:00:00:00 2140 1518 1553 1291
03:23:50:00 2142 1524 1556 1279
03:23:40:00 2142 1520 1556 1267
03:23:30:00 2142 1517 1557 1250
03:23:20:00 2140 1523 1556 1242
03:23:10:00 2139 1520 1552 1223
03:23:00:00 2147 1520 1563 1201
03:22:50:00 2159 1522 1558 1157
03:22:40:00 2148 1524 1558 1696
03:22:30:00 2157 1524 1563 1698
03:22:20:00 2148 1526 1560 1693
03:22:10:00 2149 1526 1555 1699
03:22:00:00 2163 1534 1560 1698
03:21:50:00 2158 1532 1559 1697
03:21:40:00 2162 1529 1567 1700
03:21:30:00 2170 1539 1558 1701
03:21:20:00 2171 1540 1557 1698
03:21:10:00 2171 1540 1563 1698
03:21:00:00 2165 1548 1557 1697
03:20:50:00 2168 1544 1566 1707
03:20:40:00 2179 1540 1559 1703
03:20:30:00 2167 1546 1554 1696
03:20:20:00 2184 1550 1556 1702
03:20:10:00 2175 1553 1557 1695
03:20:00:00 2177 1552 1557 1700
03:19:50:00 2179 1550 1556 1694
03:19:40:00 2183 1551 1557 1693
03:19:30:00 2178 1556 1558 1695
03:19:20:00 2186 1551 1543 1698
03:19:10:00 2187 1554 1559 1692
03:19:00:00 2182 1546 1556 1697
03:18:50:00 2189 1552 1561 1697
03:18:40:00 2186 1555 1554 1691
03:18:30:00 2190 1551 1554 1689
03:18:20:00 2185 1548 1546 1685
03:18:10:00 2197 1551 1557 1681
03:18:00:00 2187 1551 1547 1676
03:17:50:00 2186 1542 1551 1687
03:17:40:00 2196 1544 1551 1689
03:17:30:00 2189 1531 1543 1677
03:17:20:00 2190 1529 1540 1681
03:17:10:00 2185 1531 1528 1682
03:17:00:00 2183 1520 1535 1672
03:16:50:00 2187 1522 1524 1671
03:16:40:00 2180 1524 1527 1669
03:16:30:00 2183 1535 1528 1667
03:16:20:00 2186 1527 1522 1661
03:16:10:00 2186 1524 1517 1667
03:16:00:00 2187 1517 1514 1663
03:15:50:00 2187 1520 1508 1665
03:15:40:00 2200 1521 1517 1659
03:15:30:00 2185 1529 1522 1674
03:15:20:00 2191 1516 1595 1706
03:15:10:00 2195 1518 1597 1705
03:15:00:00 2201 1515 1587 1690
03:14:50:00 2208 1528 1589 1681
03:14:40:00 2196 1519 1515 1627
03:14:30:00 2200 1511 1578 1633
03:14:20:00 2206 1522 1578 1625
03:14:10:00 2218 1523 1573 1623
03:14:00:00 2232 1520 1571 1619
03:13:50:00 2221 1516 1563 1607
03:13:40:00 2240 1514 1555 1594
03:13:30:00 2228 1498 1551 1593
03:13:20:00 2234 1482 1551 1574
03:13:10:00 2260 1485 1552 1578
03:13:00:00 2231 1486 1519 1569
03:12:50:00 2228 1477 1512 1554
03:12:40:00 2215 1470 1507 1544
03:12:30:00 2225 1470 1484 1545
03:12:20:00 2225 1456 1488 1535
03:12:10:00 2218 1455 1499 1532
03:12:00:00 2198 1446 1512 1516
03:11:50:00 2214 1444 1511 1512
03:11:40:00 2217 1444 1501 1501
03:11:30:00 2205 1433 1503 1494
03:11:20:00 2201 1433 1505 1500
03:11:10:00 2203 1437 1502 1492
03:11:00:00 2195 1438 1503 1483
03:10:50:00 2188 1422 1497 1475
03:10:40:00 2184 1426 1479 1469
03:10:30:00 2172 1424 1482 1477
03:10:20:00 2180 1422 1486 1463
03:10:10:00 2175 1422 1493 1457
03:10:00:00 2158 1416 1478 1447
03:09:50:00 2135 1409 1486 1446
03:09:40:00 2103 1414 1471 1441
03:09:30:00 2099 1411 1469 1434
03:09:20:00 2072 1391 1463 1431
03:09:10:00 2072 1397 1464 1430
03:09:00:00 2096 1394 1464 1429
03:08:50:00 2087 1397 1459 1425
03:08:40:00 2089 1393 1462 1419
03:08:30:00 2087 1390 1463 1415
03:08:20:00 2086 1390 1458 1426
03:08:10:00 2082 1392 1461 1420
03:08:00:00 2075 1386 1450 1419
03:07:50:00 2079 1385 1456 1409
03:07:40:00 2078 1387 1457 1415
03:07:30:00 2074 1387 1453 1403
03:07:20:00 2077 1381 1447 1404
03:07:10:00 2071 1378 1455 1400
03:07:00:00 2071 1384 1460 1401
03:06:50:00 2072 1384 1456 1401
03:06:40:00 2069 1382 1452 1400
03:06:30:00 2069 1386 1457 1392
03:06:20:00 2076 1391 1450 1396
03:06:10:00 2070 1388 1452 1397
03:06:00:00 2066 1389 1457 1394
03:05:50:00 2070 1389 1455 1393
03:05:40:00 2075 1391 1460 1382
03:05:30:00 2078 1393 1459 1390
03:05:20:00 2078 1389 1459 1389
03:05:10:00 2085 1389 1451 1383
03:05:00:00 2074 1396 1458 1398
03:04:50:00 2082 1400 1456 1390
03:04:40:00 2081 1393 1459 1389
03:04:30:00 2068 1398 1460 1389
03:04:20:00 2082 1404 1459 1384
03:04:10:00 2079 1401 1454 1380
03:04:00:00 2087 1397 1457 1381
03:03:50:00 2073 1396 1455 1375
03:03:40:00 2073 1406 1461 1373
03:03:30:00 2069 1400 1458 1378
03:03:20:00 2077 1404 1465 1377
03:03:10:00 2055 1404 1456 1373
03:03:00:00 2056 1407 1459 1368
03:02:50:00 2055 1404 1458 1370
03:02:40:00 2059 1406 1454 1369
03:02:30:00 2066 1410 1458 1374
03:02:20:00 2059 1410 1459 1364
03:02:10:00 2073 1407 1461 1360
03:02:00:00 2069 1408 1460 1363
03:01:50:00 2068 1412 1462 1353
03:01:40:00 2066 1421 1462 1352
03:01:30:00 2125 1409 1464 1352
03:01:20:00 2099 1414 1459 1348
03:01:10:00 2087 1410 1459 1349
03:01:00:00 2088 1416 1462 1347
03:00:50:00 2093 1417 1461 1345
03:00:40:00 2087 1423 1473 1336
03:00:30:00 2088 1415 1467 1336
03:00:20:00 2091 1424 1463 1325
03:00:10:00 2096 1418 1457 1317
03:00:00:00 2105 1423 1465 1314
02:23:50:00 2100 1420 1464 1307
02:23:40:00 2097 1427 1461 1289
02:23:30:00 2104 1430 1463 1289
02:23:20:00 2104 1427 1463 1266
02:23:10:00 2101 1425 1462 1250
02:23:00:00 2107 1434 1463 1233
02:22:50:00 2154 1434 1463 1216
02:22:40:00 2147 1425 1465 1178
02:22:30:00 2155 1435 1464 1134
02:22:20:00 2147 1439 1455 1718
02:22:10:00 2159 1443 1460 1716
02:22:00:00 2143 1444 1461 1719
02:21:50:00 2160 1442 1460 1720
02:21:40:00 2159 1448 1461 1717
02:21:30:00 2169 1452 1459 1726
02:21:20:00 2174 1450 1459 1723
02:21:10:00 2164 1465 1458 1719
02:21:00:00 2166 1459 1462 1717
02:20:50:00 2175 1457 1462 1731
02:20:40:00 2172 1462 1465 1721
02:20:30:00 2173 1465 1463 1725
02:20:20:00 2181 1472 1463 1723
02:20:10:00 2187 1473 1464 1728
02:20:00:00 2181 1471 1467 1728
02:19:50:00 2180 1474 1461 1722
02:19:40:00 2189 1479 1470 1730
02:19:30:00 2189 1470 1470 1735
02:19:20:00 2188 1473 1464 1723
02:19:10:00 2188 1479 1462 1723
02:19:00:00 2175 1476 1455 1717
02:18:50:00 2182 1481 1461 1722
02:18:40:00 2190 1484 1477 1723
02:18:30:00 2196 1485 1462 1722
02:18:20:00 2193 1502 1466 1726
02:18:10:00 2195 1488 1468 1724
02:18:00:00 2181 1486 1465 1718
02:17:50:00 2196 1483 1461 1717
02:17:40:00 2184 1483 1461 1711
02:17:30:00 2188 1477 1456 1713
02:17:20:00 2190 1487 1460 1707
02:17:10:00 2185 1488 1458 1709
02:17:00:00 2178 1482 1460 1707
02:16:50:00 2176 1485 1452 1699
02:16:40:00 2187 1480 1455 1697
02:16:30:00 2184 1491 1457 1699
02:16:20:00 2184 1491 1457 1709
02:16:10:00 2197 1496 1454 1698
02:16:00:00 2195 1503 1445 1701
02:15:50:00 2188 1500 1457 1701
02:15:40:00 2189 1494 1458 1700
02:15:30:00 2185 1502 1454 1701
02:15:20:00 2193 1506 1496 1737
02:15:10:00 2192 1506 1450 1689
02:15:00:00 2193 1500 1445 1685
02:14:50:00 2196 1496 1446 1679
02:14:40:00 2214 1500 1453 1685
02:14:30:00 2211 1496 1462 1698
02:14:20:00 2207 1495 1441 1662
02:14:10:00 2210 1489 1452 1668
02:14:00:00 2204 1483 1444 1663
02:13:50:00 2210 1489 1439 1655
02:13:40:00 2207 1488 1418 1649
02:13:30:00 2204 1480 1447 1651
02:13:20:00 2203 1483 1452 1652
02:13:10:00 2134 1482 1437 1645
02:13:00:00 2152 1477 1435 1642
02:12:50:00 2143 1474 1429 1631
02:12:40:00 2197 1479 1429 1633
02:12:30:00 2199 1471 1433 1616
02:12:20:00 2198 1477 1428 1627
02:12:10:00 2211 1485 1431 1629
02:12:00:00 2210 1487 1442 1623
02:11:50:00 2192 1469 1435 1603
02:11:40:00 2172 1458 1427 1605
02:11:30:00 2151 1463 1423 1599
02:11:20:00 2148 1474 1422 1615
02:11:10:00 2104 1466 1422 1601
02:11:00:00 2110 1461 1421 1591
02:10:50:00 2115 1464 1424 1591
02:10:40:00 2101 1458 1413 1589
02:10:30:00 2124 1454 1420 1593
02:10:20:00 2123 1453 1418 1588
02:10:10:00 2115 1454 1416 1583
02:10:00:00 2106 1453 1421 1580
02:09:50:00 2106 1451 1419 1584
02:09:40:00 2108 1455 1420 1588
02:09:30:00 2122 1456 1417 1569
02:09:20:00 2121 1453 1413 1576
02:09:10:00 2111 1447 1408 1569
02:09:00:00 2113 1442 1414 1575
02:08:50:00 2105 1438 1418 1567
02:08:40:00 2093 1445 1408 1563
02:08:30:00 2104 1440 1416 1568
02:08:20:00 2103 1440 1418 1572
02:08:10:00 2103 1439 1410 1554
02:08:00:00 2100 1438 1414 1558
02:07:50:00 2092 1441 1410 1566
02:07:40:00 2096 1435 1409 1564
02:07:30:00 2096 1438 1417 1555
02:07:20:00 2103 1438 1413 1551
02:07:10:00 2096 1436 1408 1544
02:07:00:00 2084 1431 1431 1555
02:06:50:00 2090 1434 1413 1553
02:06:40:00 2093 1431 1416 1546
02:06:30:00 2094 1435 1412 1543
02:06:20:00 2096 1430 1414 1543
02:06:10:00 2092 1435 1412 1539
02:06:00:00 2083 1433 1413 1541
02:05:50:00 2080 1431 1408 1540
02:05:40:00 2084 1439 1412 1533
02:05:30:00 2087 1432 1411 1539
02:05:20:00 2087 1430 1412 1549
02:05:10:00 2089 1427 1414 1541
02:05:00:00 2087 1433 1413 1523
02:04:50:00 2084 1425 1415 1525
02:04:40:00 2097 1427 1413 1541
02:04:30:00 2087 1431 1411 1529
02:04:20:00 2094 1428 1406 1523
02:04:10:00 2079 1431 1406 1531
02:04:00:00 2092 1425 1412 1521
02:03:50:00 2094 1432 1411 1522
02:03:40:00 2090 1422 1414 1524
02:03:30:00 2097 1424 1418 1513
02:03:20:00 2082 1426 1415 1511
02:03:10:00 2091 1423 1405 1511
02:03:00:00 2093 1418 1408 1515
02:02:50:00 2077 1420 1411 1513
02:02:40:00 2086 1409 1411 1509
02:02:30:00 2083 1417 1403 1511
02:02:20:00 2073 1413 1403 1508
02:02:10:00 2076 1418 1409 1498
02:02:00:00 2078 1416 1405 1501
02:01:50:00 2074 1418 1412 1500
02:01:40:00 2069 1414 1412 1494
02:01:30:00 2085 1415 1413 1497
02:01:20:00 2092 1412 1413 1491
02:01:10:00 2095 1419 1414 1488
02:01:00:00 2096 1419 1412 1483
02:00:50:00 2087 1415 1427 1496
02:00:40:00 2088 1418 1411 1490
02:00:30:00 2097 1418 1413 1480
02:00:20:00 2096 1422 1413 1490
02:00:10:00 2110 1423 1421 1481
02:00:00:00 2112 1425 1415 1487
01:23:50:00 2109 1431 1424 1482
01:23:40:00 2111 1424 1421 1477
01:23:30:00 2124 1427 1423 1480
01:23:20:00 2116 1437 1417 1477
01:23:10:00 2123 1420 1415 1482
01:23:00:00 2119 1438 1430 1486
01:22:50:00 2126 1434 1430 1486
01:22:40:00 2125 1438 1436 1483
01:22:30:00 2129 1437 1434 1479
01:22:20:00 2117 1436 1432 1476
01:22:10:00 2117 1433 1438 1470
01:22:00:00 2120 1434 1434 1475
01:21:50:00 2187 1434 1433 1479
01:21:40:00 2189 1436 1437 1473
01:21:30:00 2192 1433 1436 1465
01:21:20:00 2189 1429 1439 1470
01:21:10:00 2188 1428 1435 1466
01:21:00:00 2183 1428 1431 1467
01:20:50:00 2188 1425 1429 1453
01:20:40:00 2187 1421 1431 1444
01:20:30:00 2189 1420 1436 1456
01:20:20:00 2184 1422 1428 1456
01:20:10:00 2191 1429 1430 1450
01:20:00:00 2191 1437 1436 1446
01:19:50:00 2189 1475 1432 1441
01:19:40:00 2186 1708 1434 1439
01:19:30:00 2194 1693 1433 1437
01:19:20:00 2200 1689 1428 1432
01:19:10:00 2193 1688 1432 1440
01:19:00:00 2191 1683 1427 1424
01:18:50:00 2183 1690 1428 1421
01:18:40:00 2195 1677 1428 1415
01:18:30:00 2195 1684 1437 1417
01:18:20:00 2198 1684 1424 1408
01:18:10:00 2187 1663 1435 1390
01:18:00:00 2200 1664 1421 1387
01:17:50:00 2187 1659 1423 1393
01:17:40:00 2179 1658 1420 1379
01:17:30:00 2182 1654 1426 1368
01:17:20:00 2183 1653 1418 1354
01:17:10:00 2184 1649 1420 1349
01:17:00:00 2183 1646 1418 1327
01:16:50:00 2176 1645 1411 1302
01:16:40:00 2188 1650 1420 1273
01:16:30:00 2181 1641 1410 1240
01:16:20:00 2185 1637 1409 1182
01:16:10:00 2185 1638 1399 1729
01:16:00:00 2179 1634 1400 1728
01:15:50:00 2186 1630 1393 1723
01:15:40:00 2202 1642 1398 1735
01:15:30:00 2201 1624 1390 1723
01:15:20:00 2207 1633 1447 1770
01:15:10:00 2205 1631 1446 1765
01:15:00:00 2198 1627 1434 1739
01:14:50:00 2198 1622 1436 1731
01:14:40:00 2192 1623 1391 1686
01:14:30:00 2189 1616 1414 1686
01:14:20:00 2185 1617 1412 1669
01:14:10:00 2186 1632 1422 1666
01:14:00:00 2182 1629 1413 1655
01:13:50:00 2170 1608 1389 1647
01:13:40:00 2184 1618 1417 1644
01:13:30:00 2171 1615 1408 1642
01:13:20:00 2163 1599 1391 1626
01:13:10:00 2158 1600 1381 1622
01:13:00:00 2153 1595 1376 1619
01:12:50:00 2145 1592 1366 1616
01:12:40:00 2132 1588 1374 1612
01:12:30:00 2142 1595 1381 1627
01:12:20:00 2141 1594 1385 1622
01:12:10:00 2129 1597 1378 1619
01:12:00:00 2128 1596 1380 1623
01:11:50:00 2118 1599 1387 1613
01:11:40:00 2128 1607 1394 1623
01:11:30:00 2115 1611 1383 1620
01:11:20:00 2207 1620 1386 1626
01:11:10:00 2189 1617 1384 1596
01:11:00:00 2189 1604 1385 1607
01:10:50:00 2115 1584 1372 1603
01:10:40:00 2110 1597 1378 1607
01:10:30:00 2161 1598 1378 1599
01:10:20:00 2158 1603 1371 1598
01:10:10:00 2094 1587 1366 1588
01:10:00:00 2092 1581 1366 1587
01:09:50:00 2079 1581 1366 1589
01:09:40:00 2086 1578 1372 1588
01:09:30:00 2088 1571 1371 1586
01:09:20:00 2076 1570 1364 1586
01:09:10:00 2056 1571 1366 1580
01:09:00:00 2055 1567 1364 1573
01:08:50:00 2058 1572 1364 1572
01:08:40:00 2047 1566 1364 1573
01:08:30:00 2050 1570 1362 1564
01:08:20:00 2061 1567 1363 1565
01:08:10:00 2051 1566 1359 1558
01:08:00:00 2054 1562 1352 1566
01:07:50:00 2047 1566 1354 1560
01:07:40:00 2033 1556 1356 1541
01:07:30:00 2043 1552 1355 1548
01:07:20:00 2038 1554 1355 1553
01:07:10:00 2037 1552 1356 1549
01:07:00:00 2045 1553 1359 1551
01:06:50:00 2039 1550 1359 1553
01:06:40:00 2038 1549 1360 1553
01:06:30:00 2028 1557 1361 1548
01:06:20:00 2040 1551 1358 1546
01:06:10:00 2033 1549 1359 1542
01:06:00:00 2034 1550 1362 1537
01:05:50:00 2031 1552 1359 1544
01:05:40:00 2033 1549 1361 1537
01:05:30:00 2029 1552 1361 1546
01:05:20:00 2029 1548 1358 1538
01:05:10:00 2032 1541 1361 1540
01:05:00:00 2030 1549 1359 1534
01:04:50:00 2033 1547 1363 1532
01:04:40:00 2036 1544 1362 1537
01:04:30:00 2036 1541 1364 1524
01:04:20:00 2041 1544 1363 1529
01:04:10:00 2033 1540 1363 1533
01:04:00:00 2032 1543 1358 1526
01:03:50:00 2035 1543 1368 1521
01:03:40:00 2031 1544 1372 1528
01:03:30:00 2030 1550 1360 1531
01:03:20:00 2038 1539 1363 1525
01:03:10:00 2035 1532 1364 1520
01:03:00:00 2024 1534 1363 1517
01:02:50:00 2124 1533 1365 1513
01:02:40:00 2121 1532 1362 1510
01:02:30:00 2119 1536 1362 1514
01:02:20:00 2117 1532 1365 1512
01:02:10:00 2117 1531 1364 1512
01:02:00:00 2113 1530 1368 1513
01:01:50:00 2121 1521 1368 1511
01:01:40:00 2122 1528 1371 1508
01:01:30:00 2123 1526 1369 1506
01:01:20:00 2119 1524 1370 1509
01:01:10:00 2057 1527 1370 1505
01:01:00:00 2066 1525 1364 1503
01:00:50:00 2068 1524 1373 1510
01:00:40:00 2065 1526 1370 1506
01:00:30:00 2053 1526 1376 1502
01:00:20:00 2067 1529 1376 1503
01:00:10:00 2069 1523 1376 1501
01:00:00:00 2072 1525 1371 1502
00:23:50:00 2073 1525 1381 1496
00:23:40:00 2084 1524 1383 1492
00:23:30:00 2069 1523 1376 1496
00:23:20:00 2075 1522 1377 1494
00:23:10:00 2081 1517 1382 1500
00:23:00:00 2037 1521 1385 1490
00:22:50:00 2043 1520 1383 1489
00:22:40:00 2041 1522 1382 1491
00:22:30:00 2045 1520 1386 1493
00:22:20:00 2048 1524 1383 1488
00:22:10:00 2056 1523 1385 1489
00:22:00:00 2048 1526 1385 1486
00:21:50:00 2059 1525 1387 1485
00:21:40:00 2051 1521 1391 1488
00:21:30:00 2056 1522 1393 1480
00:21:20:00 2057 1520 1387 1483
00:21:10:00 2168 1523 1395 1476
00:21:00:00 2164 1523 1392 1478
00:20:50:00 2169 1522 1393 1484
00:20:40:00 2166 1523 1390 1472
00:20:30:00 2163 1512 1396 1473
00:20:20:00 2176 1523 1395 1470
00:20:10:00 2168 1523 1392 1470
00:20:00:00 2165 1521 1397 1470
00:19:50:00 2170 1514 1390 1468
00:19:40:00 2172 1520 1396 1464
00:19:30:00 2168 1518 1396 1467
00:19:20:00 2174 1520 1396 1462
00:19:10:00 2174 1516 1397 1452
00:19:00:00 2171 1520 1395 1451
00:18:50:00 2172 1517 1394 1455
00:18:40:00 2180 1518 1394 1448
00:18:30:00 2180 1512 1395 1441
00:18:20:00 2169 1522 1390 1441
00:18:10:00 2169 1508 1395 1431
00:18:00:00 2175 1501 1395 1431
00:17:50:00 2178 1502 1394 1434
00:17:40:00 2172 1501 1395 1428
00:17:30:00 2179 1496 1395 1423
00:17:20:00 2176 1499 1394 1420
00:17:10:00 2178 1490 1393 1411
00:17:00:00 2179 1488 1389 1407
00:16:50:00 2169 1485 1391 1404
00:16:40:00 2175 1490 1392 1391
00:16:30:00 2170 1479 1388 1389
00:16:20:00 2174 1477 1390 1373
00:16:10:00 2180 1476 1382 1358
00:16:00:00 2174 1473 1381 1358
00:15:50:00 2171 1465 1379 1337
00:15:40:00 2184 1468 1378 1330
00:15:30:00 2176 1466 1387 1315
00:15:20:00 2182 1461 1418 1328
00:15:10:00 2186 1456 1422 1289
00:15:00:00 2177 1456 1419 1231
00:14:50:00 2189 1452 1430 1773
00:14:40:00 2181 1446 1383 1713
00:14:30:00 2166 1434 1385 1728
00:14:20:00 2180 1442 1388 1714
00:14:10:00 2186 1437 1383 1703
00:14:00:00 2171 1420 1357 1684
00:13:50:00 2166 1416 1357 1683
00:13:40:00 2163 1408 1356 1677
00:13:30:00 2165 1405 1353 1676
00:13:20:00 2171 1407 1353 1677
00:13:10:00 2176 1401 1351 1676
00:13:00:00 2189 1408 1353 1675
00:12:50:00 2176 1396 1352 1668
00:12:40:00 2179 1392 1346 1665
00:12:30:00 2188 1403 1362 1664
00:12:20:00 2197 1391 1344 1650
00:12:10:00 2185 1387 1345 1653
00:12:00:00 2179 1373 1336 1646
00:11:50:00 2183 1370 1348 1650
00:11:40:00 2166 1368 1337 1629
00:11:30:00 2168 1359 1334 1624
00:11:20:00 2157 1356 1332 1619
00:11:10:00 2151 1348 1331 1615
00:11:00:00 2075 1337 1323 1607
00:10:50:00 2074 1333 1318 1618
00:10:40:00 2058 1329 1315 1597
00:10:30:00 2064 1320 1307 1595
00:10:20:00 2060 1311 1302 1586
00:10:10:00 2060 1315 1303 1581
00:10:00:00 2053 1303 1303 1569
00:09:50:00 2044 1299 1300 1564
00:09:40:00 2120 1290 1292 1579
00:09:30:00 2122 1290 1292 1588
00:09:20:00 2122 1284 1284 1593
00:09:10:00 2117 1292 1283 1306
00:09:00:00 2041 1281 1284 1740
00:08:50:00 2030 1269 1273 1744
00:08:40:00 2026 1269 1278 1736
00:08:30:00 2015 1265 1283 1741
00:08:20:00 2023 1269 1281 1727
00:08:10:00 2022 1260 1276 1719
00:08:00:00 2020 1247 1279 1711
00:07:50:00 2015 1256 1271 1716
00:07:40:00 2018 1248 1272 1708
00:07:30:00 2006 1245 1276 1705
00:07:20:00 2020 1243 1272 1719
00:07:10:00 1998 1242 1277 1696
00:07:00:00 1999 1243 1271 1706
00:06:50:00 2007 1243 1272 1699
00:06:40:00 1997 1259 1272 1710
00:06:30:00 1997 1248 1270 1702
00:06:20:00 2016 1245 1273 1701
00:06:10:00 2021 1242 1273 1702
00:06:00:00 2026 1244 1277 1699
00:05:50:00 2021 1245 1270 1700
00:05:40:00 2022 1240 1271 1702
00:05:30:00 2010 1242 1278 1692
00:05:20:00 2020 1246 1280 1700
00:05:10:00 2008 1236 1276 1699
00:05:00:00 2017 1234 1277 1701
00:04:50:00 2020 1238 1277 1696
00:04:40:00 1996 1237 1276 1698
00:04:30:00 2007 1238 1274 1695
00:04:20:00 1995 1234 1274 1695
00:04:10:00 2007 1237 1281 1694
00:04:00:00 2008 1235 1279 1712
00:03:50:00 2017 1229 1283 1695
00:03:40:00 2009 1232 1282 1697
00:03:30:00 2001 1234 1280 1693
00:03:20:00 2013 1231 1284 1696
00:03:10:00 2012 1229 1283 1693
00:03:00:00 2006 1221 1279 1687
00:02:50:00 2007 1224 1286 1685
00:02:40:00 2015 1226 1292 1692
00:02:30:00 2015 1217 1293 1689
00:02:20:00 2020 1211 1291 1687
00:02:10:00 2023 1215 1292 1690
00:02:00:00 2015 1216 1291 1688
00:01:50:00 2022 1213 1293 1688
00:01:40:00 2019 1209 1294 1678
00:01:30:00 2028 1196 1294 1690
00:01:20:00 2023 1202 1290 1685
00:01:10:00 2023 1198 1296 1683
00:01:00:00 2023 1193 1297 1677
00:00:50:00 2028 1183 1298 1690
00:00:40:00 2025 1183 1300 1678
00:00:30:00 2024 1173 1303 1690
00:00:20:00 2034 1168 1303 1683
00:00:10:00 2033 1158 1299 1687
