00:10:00:00 2065 1802 1870 1918
00:09:55:00 2047 1815 1862 1917
00:09:50:00 2066 1812 1840 1915
00:09:45:00 2061 1813 1837 1904
00:09:40:00 2062 1808 1852 1903
00:09:35:00 2033 1827 1847 1923
00:09:30:00 2062 1819 1848 1887
00:09:25:00 2043 1808 1858 1898
00:09:20:00 2059 1813 1854 1919
00:09:15:00 2069 1840 1831 1968
00:09:10:00 2064 1819 1847 1914
00:09:05:00 2032 1808 1863 1909
00:09:00:00 2032 1806 1861 1905
00:08:55:00 2032 1814 1841 1903
00:08:50:00 2045 1813 1858 1934
00:08:45:00 2036 1807 1851 1911
00:08:40:00 2038 1807 1854 1919
00:08:35:00 2047 1813 1863 1934
00:08:30:00 2006 1811 1855 1919
00:08:25:00 2064 1805 1847 1859
00:08:20:00 2041 1808 1865 1904
00:08:15:00 2047 1814 1819 1921
00:08:10:00 2043 1815 1866 1911
00:08:05:00 2055 1814 1966 1922
00:08:00:00 2064 1840 1889 1919
00:07:55:00 2046 1819 1846 1921
00:07:50:00 2032 1814 1852 1904
00:07:45:00 2064 1807 1863 1925
00:07:40:00 2019 1815 1860 1911
00:07:35:00 2063 1808 1840 1929
00:07:30:00 1966 1811 1857 1938
00:07:25:00 2069 1794 1861 1930
00:07:20:00 2057 1822 1763 1908
00:07:15:00 2065 1808 1891 1918
00:07:10:00 2081 1791 1854 1923
00:07:05:00 2077 1809 1853 1914
00:07:00:00 2075 1806 1870 1915
00:06:55:00 2089 1809 1878 1917
00:06:50:00 2063 1809 1843 1919
00:06:45:00 2045 1807 1863 1919
00:06:40:00 2014 1809 1873 1925
00:06:35:00 2035 1815 1855 1917
00:06:30:00 2038 1808 1853 1936
00:06:25:00 2065 1806 1870 1934
00:06:20:00 2069 1818 1869 1915
00:06:15:00 2145 1811 1859 1911
00:06:10:00 2077 1812 1863 1921
00:06:05:00 2071 1805 1861 1856
00:06:00:00 2067 1808 1859 1910
00:05:55:00 2070 1808 1825 1905
00:05:50:00 2065 1812 1910 1906
00:05:45:00 2063 1811 1863 1919
00:05:40:00 2079 1813 1857 1919
00:05:35:00 2066 1809 1853 1916
00:05:30:00 2071 1814 1872 1918
00:05:25:00 2063 1814 1866 1919
00:05:20:00 2065 1811 1840 1921
00:05:15:00 2037 1814 1868 1923
00:05:10:00 2039 1805 1881 1909
00:05:05:00 2033 1806 1870 1929
00:05:00:00 2047 1812 1872 1933
00:04:55:00 2058 1819 1843 1941
00:04:50:00 2075 1815 1858 1919
00:04:45:00 2062 1808 1863 1927
00:04:40:00 2038 1821 1871 1917
00:04:35:00 2058 1814 1844 1922
00:04:30:00 2067 1812 1862 1919
00:04:25:00 2060 1812 1864 1931
00:04:20:00 2081 1809 1872 1927
00:04:15:00 2106 1808 1863 1919
00:04:10:00 2022 1815 1872 1931
00:04:05:00 2064 1819 1859 1936
00:04:00:00 2065 1810 1854 1951
00:03:55:00 2043 1814 1900 1934
00:03:50:00 2032 1794 1872 1935
00:03:45:00 2155 1817 1878 1942
00:03:40:00 2123 1822 1873 1936
00:03:35:00 2128 1820 1873 1939
00:03:30:00 2101 1820 1877 1936
00:03:25:00 2095 1827 1872 1947
00:03:20:00 2131 1818 1878 1922
00:03:15:00 2115 1810 1903 1935
00:03:10:00 2100 1817 1871 1943
00:03:05:00 2101 1803 1875 1943
00:03:00:00 2114 1794 1872 1936
00:02:55:00 2119 1830 1855 1934
00:02:50:00 2103 1835 1871 1945
00:02:45:00 2111 1841 1879 1925
00:02:40:00 2112 1819 1872 1946
00:02:35:00 2109 1830 1903 1948
00:02:30:00 2119 1830 1876 1949
00:02:25:00 2125 1823 1872 1953
00:02:20:00 2130 1811 1889 1955
00:02:15:00 2122 1826 1885 1959
00:02:10:00 2103 1825 1781 1955
00:02:05:00 2006 1830 1878 1951
00:02:00:00 2130 1827 1891 1942
00:01:55:00 2128 1835 1808 1982
00:01:50:00 2113 1831 1883 1949
00:01:45:00 2113 1843 1882 1963
