03:00:00:00 2115 1787 1991 0
02:23:55:00 2103 1776 1986 0
02:23:50:00 2106 1771 1984 0
02:23:45:00 2095 1783 1969 0
02:23:40:00 2101 1777 1990 0
02:23:35:00 2111 1776 1975 0
02:23:30:00 2132 1782 1991 0
02:23:25:00 2135 1787 1991 0
02:23:20:00 2128 1740 2009 0
02:23:15:00 2125 1775 1985 0
02:23:10:00 2131 1798 1995 0
02:23:05:00 2127 1779 1994 0
02:23:00:00 2111 1786 2003 0
02:22:55:00 2129 1775 2005 0
02:22:50:00 2115 1788 2000 0
02:22:45:00 2162 1777 2006 0
02:22:40:00 2117 1778 2000 0
02:22:35:00 2123 1777 1995 0
02:22:30:00 2115 1783 1987 0
02:22:25:00 2112 1787 1986 0
02:22:20:00 2141 1785 1998 0
02:22:15:00 2133 1759 1991 0
02:22:10:00 2115 1781 2032 0
02:22:05:00 2129 1795 1995 0
02:22:00:00 2173 1782 1997 0
02:21:55:00 2118 1845 2003 0
02:21:50:00 2131 1784 2003 0
02:21:45:00 2119 1783 2037 0
02:21:40:00 2151 1781 2006 0
02:21:35:00 2119 1778 2191 0
02:21:30:00 2119 1782 1997 0
02:21:25:00 2121 1778 1999 0
02:21:20:00 2128 1789 1968 0
02:21:15:00 2143 1773 1969 0
02:21:10:00 2032 1785 2007 0
02:21:05:00 2142 1786 2000 0
02:21:00:00 1958 1784 2015 0
02:20:55:00 2128 1847 1995 0
02:20:50:00 2127 1777 2003 0
02:20:45:00 2123 1791 2014 0
02:20:40:00 2126 1805 2005 0
02:20:35:00 2158 1779 1997 0
02:20:30:00 2123 1778 1987 0
02:20:25:00 2121 1778 2007 0
02:20:20:00 2119 1782 1999 0
02:20:15:00 2128 1785 2015 0
02:20:10:00 2129 1808 2028 0
02:20:05:00 2127 1777 1858 0
02:20:00:00 2198 1776 1996 0
02:19:55:00 2143 1771 2064 0
02:19:50:00 2127 1770 1997 0
02:19:45:00 2137 1777 1991 0
02:19:40:00 2119 1767 1996 0
02:19:35:00 2142 1774 1993 0
02:19:30:00 2113 1770 2043 0
02:19:25:00 2118 1867 2001 0
02:19:20:00 2133 1778 2003 0
02:19:15:00 2131 1823 2000 0
02:19:10:00 2137 1754 1996 0
02:19:05:00 2141 1786 2013 0
02:19:00:00 2135 1769 2001 0
02:18:55:00 2151 1775 2001 0
02:18:50:00 2127 1774 2039 0
02:18:45:00 2149 1773 2005 0
02:18:40:00 2128 1775 1968 0
02:18:35:00 2125 1758 2011 0
02:18:30:00 2111 1760 2099 0
02:18:25:00 2097 1775 2011 0
02:18:20:00 2133 1769 2001 0
02:18:15:00 2115 1767 2003 0
02:18:10:00 2125 1763 2014 0
02:18:05:00 2123 1770 2005 0
02:18:00:00 2159 1776 2014 0
02:17:55:00 2138 1764 2015 0
02:17:50:00 2127 1767 2013 0
02:17:45:00 2117 1774 2039 0
02:17:40:00 2156 1764 2011 0
02:17:35:00 2143 1773 2017 0
02:17:30:00 2119 1766 2019 0
02:17:25:00 2167 1750 2064 0
02:17:20:00 2130 1765 2078 0
02:17:15:00 2131 1763 2083 0
02:17:10:00 2110 1763 2089 0
02:17:05:00 2124 1771 2061 0
02:17:00:00 2149 1769 1959 0
02:16:55:00 2179 1776 2175 0
02:16:50:00 2165 1777 2075 0
02:16:45:00 2142 1760 2009 0
02:16:40:00 2131 1769 1999 0
02:16:35:00 2159 1771 1870 0
02:16:30:00 2103 1775 2018 0
02:16:25:00 2112 1735 2022 0
02:16:20:00 2141 1776 2064 0
02:16:15:00 2160 1768 2026 0
02:16:10:00 2166 1776 2045 0
02:16:05:00 2159 1770 2068 0
02:16:00:00 2149 1755 1915 0
02:15:55:00 2143 1767 2020 0
02:15:50:00 2134 1761 2003 0
02:15:45:00 2059 1714 2017 0
