01:21:40:00 2189 1436 1437 1473
01:21:30:00 2192 1433 1436 1465
01:21:20:00 2189 1429 1439 1470
01:21:10:00 2188 1428 1435 1466
01:21:00:00 2183 1428 1431 1467
01:20:50:00 2188 1425 1429 1453
01:20:40:00 2187 1421 1431 1444
01:20:30:00 2189 1420 1436 1456
01:20:20:00 2184 1422 1428 1456
01:20:10:00 2191 1429 1430 1450
01:20:00:00 2191 1437 1436 1446
01:19:50:00 2189 1475 1432 1441
01:19:40:00 2186 1708 1434 1439
01:19:30:00 2194 1693 1433 1437
01:19:20:00 2200 1689 1428 1432
01:19:10:00 2193 1688 1432 1440
01:19:00:00 2191 1683 1427 1424
01:18:50:00 2183 1690 1428 1421
01:18:40:00 2195 1677 1428 1415
01:18:30:00 2195 1684 1437 1417
01:18:20:00 2198 1684 1424 1408
01:18:10:00 2187 1663 1435 1390
01:18:00:00 2200 1664 1421 1387
01:17:50:00 2187 1659 1423 1393
01:17:40:00 2179 1658 1420 1379
01:17:30:00 2182 1654 1426 1368
01:17:20:00 2183 1653 1418 1354
01:17:10:00 2184 1649 1420 1349
01:17:00:00 2183 1646 1418 1327
01:16:50:00 2176 1645 1411 1302
01:16:40:00 2188 1650 1420 1273
01:16:30:00 2181 1641 1410 1240
01:16:20:00 2185 1637 1409 1182
01:16:10:00 2185 1638 1399 1729
01:16:00:00 2179 1634 1400 1728
01:15:50:00 2186 1630 1393 1723
01:15:40:00 2202 1642 1398 1735
01:15:30:00 2201 1624 1390 1723
01:15:20:00 2207 1633 1447 1770
01:15:10:00 2205 1631 1446 1765
01:15:00:00 2198 1627 1434 1739
01:14:50:00 2198 1622 1436 1731
01:14:40:00 2192 1623 1391 1686
01:14:30:00 2189 1616 1414 1686
01:14:20:00 2185 1617 1412 1669
01:14:10:00 2186 1632 1422 1666
01:14:00:00 2182 1629 1413 1655
01:13:50:00 2170 1608 1389 1647
01:13:40:00 2184 1618 1417 1644
01:13:30:00 2171 1615 1408 1642
01:13:20:00 2163 1599 1391 1626
01:13:10:00 2158 1600 1381 1622
01:13:00:00 2153 1595 1376 1619
01:12:50:00 2145 1592 1366 1616
01:12:40:00 2132 1588 1374 1612
01:12:30:00 2142 1595 1381 1627
01:12:20:00 2141 1594 1385 1622
01:12:10:00 2129 1597 1378 1619
01:12:00:00 2128 1596 1380 1623
01:11:50:00 2118 1599 1387 1613
01:11:40:00 2128 1607 1394 1623
01:11:30:00 2115 1611 1383 1620
01:11:20:00 2207 1620 1386 1626
01:11:10:00 2189 1617 1384 1596
01:11:00:00 2189 1604 1385 1607
01:10:50:00 2115 1584 1372 1603
01:10:40:00 2110 1597 1378 1607
01:10:30:00 2161 1598 1378 1599
01:10:20:00 2158 1603 1371 1598
01:10:10:00 2094 1587 1366 1588
01:10:00:00 2092 1581 1366 1587
01:09:50:00 2079 1581 1366 1589
01:09:40:00 2086 1578 1372 1588
01:09:30:00 2088 1571 1371 1586
01:09:20:00 2076 1570 1364 1586
01:09:10:00 2056 1571 1366 1580
01:09:00:00 2055 1567 1364 1573
01:08:50:00 2058 1572 1364 1572
01:08:40:00 2047 1566 1364 1573
01:08:30:00 2050 1570 1362 1564
01:08:20:00 2061 1567 1363 1565
01:08:10:00 2051 1566 1359 1558
01:08:00:00 2054 1562 1352 1566
01:07:50:00 2047 1566 1354 1560
01:07:40:00 2033 1556 1356 1541
01:07:30:00 2043 1552 1355 1548
01:07:20:00 2038 1554 1355 1553
01:07:10:00 2037 1552 1356 1549
01:07:00:00 2045 1553 1359 1551
01:06:50:00 2039 1550 1359 1553
01:06:40:00 2038 1549 1360 1553
01:06:30:00 2028 1557 1361 1548
01:06:20:00 2040 1551 1358 1546
01:06:10:00 2033 1549 1359 1542
01:06:00:00 2034 1550 1362 1537
01:05:50:00 2031 1552 1359 1544
01:05:40:00 2033 1549 1361 1537
01:05:30:00 2029 1552 1361 1546
01:05:20:00 2029 1548 1358 1538
01:05:10:00 2032 1541 1361 1540
01:05:00:00 2030 1549 1359 1534
01:04:50:00 2033 1547 1363 1532
01:04:40:00 2036 1544 1362 1537
01:04:30:00 2036 1541 1364 1524
01:04:20:00 2041 1544 1363 1529
01:04:10:00 2033 1540 1363 1533
01:04:00:00 2032 1543 1358 1526
01:03:50:00 2035 1543 1368 1521
01:03:40:00 2031 1544 1372 1528
01:03:30:00 2030 1550 1360 1531
01:03:20:00 2038 1539 1363 1525
01:03:10:00 2035 1532 1364 1520
01:03:00:00 2024 1534 1363 1517
01:02:50:00 2124 1533 1365 1513
01:02:40:00 2121 1532 1362 1510
01:02:30:00 2119 1536 1362 1514
01:02:20:00 2117 1532 1365 1512
01:02:10:00 2117 1531 1364 1512
01:02:00:00 2113 1530 1368 1513
01:01:50:00 2121 1521 1368 1511
01:01:40:00 2122 1528 1371 1508
01:01:30:00 2123 1526 1369 1506
01:01:20:00 2119 1524 1370 1509
01:01:10:00 2057 1527 1370 1505
01:01:00:00 2066 1525 1364 1503
01:00:50:00 2068 1524 1373 1510
01:00:40:00 2065 1526 1370 1506
01:00:30:00 2053 1526 1376 1502
01:00:20:00 2067 1529 1376 1503
01:00:10:00 2069 1523 1376 1501
01:00:00:00 2072 1525 1371 1502
00:23:50:00 2073 1525 1381 1496
00:23:40:00 2084 1524 1383 1492
00:23:30:00 2069 1523 1376 1496
00:23:20:00 2075 1522 1377 1494
00:23:10:00 2081 1517 1382 1500
00:23:00:00 2037 1521 1385 1490
00:22:50:00 2043 1520 1383 1489
00:22:40:00 2041 1522 1382 1491
00:22:30:00 2045 1520 1386 1493
00:22:20:00 2048 1524 1383 1488
00:22:10:00 2056 1523 1385 1489
00:22:00:00 2048 1526 1385 1486
00:21:50:00 2059 1525 1387 1485
00:21:40:00 2051 1521 1391 1488
00:21:30:00 2056 1522 1393 1480
00:21:20:00 2057 1520 1387 1483
00:21:10:00 2168 1523 1395 1476
00:21:00:00 2164 1523 1392 1478
00:20:50:00 2169 1522 1393 1484
00:20:40:00 2166 1523 1390 1472
00:20:30:00 2163 1512 1396 1473
00:20:20:00 2176 1523 1395 1470
00:20:10:00 2168 1523 1392 1470
00:20:00:00 2165 1521 1397 1470
00:19:50:00 2170 1514 1390 1468
00:19:40:00 2172 1520 1396 1464
00:19:30:00 2168 1518 1396 1467
00:19:20:00 2174 1520 1396 1462
00:19:10:00 2174 1516 1397 1452
00:19:00:00 2171 1520 1395 1451
00:18:50:00 2172 1517 1394 1455
00:18:40:00 2180 1518 1394 1448
00:18:30:00 2180 1512 1395 1441
00:18:20:00 2169 1522 1390 1441
00:18:10:00 2169 1508 1395 1431
00:18:00:00 2175 1501 1395 1431
00:17:50:00 2178 1502 1394 1434
00:17:40:00 2172 1501 1395 1428
00:17:30:00 2179 1496 1395 1423
00:17:20:00 2176 1499 1394 1420
00:17:10:00 2178 1490 1393 1411
00:17:00:00 2179 1488 1389 1407
00:16:50:00 2169 1485 1391 1404
00:16:40:00 2175 1490 1392 1391
00:16:30:00 2170 1479 1388 1389
00:16:20:00 2174 1477 1390 1373
00:16:10:00 2180 1476 1382 1358
00:16:00:00 2174 1473 1381 1358
00:15:50:00 2171 1465 1379 1337
00:15:40:00 2184 1468 1378 1330
00:15:30:00 2176 1466 1387 1315
00:15:20:00 2182 1461 1418 1328
00:15:10:00 2186 1456 1422 1289
00:15:00:00 2177 1456 1419 1231
00:14:50:00 2189 1452 1430 1773
00:14:40:00 2181 1446 1383 1713
00:14:30:00 2166 1434 1385 1728
00:14:20:00 2180 1442 1388 1714
00:14:10:00 2186 1437 1383 1703
00:14:00:00 2171 1420 1357 1684
00:13:50:00 2166 1416 1357 1683
00:13:40:00 2163 1408 1356 1677
00:13:30:00 2165 1405 1353 1676
00:13:20:00 2171 1407 1353 1677
00:13:10:00 2176 1401 1351 1676
00:13:00:00 2189 1408 1353 1675
00:12:50:00 2176 1396 1352 1668
00:12:40:00 2179 1392 1346 1665
00:12:30:00 2188 1403 1362 1664
00:12:20:00 2197 1391 1344 1650
00:12:10:00 2185 1387 1345 1653
00:12:00:00 2179 1373 1336 1646
00:11:50:00 2183 1370 1348 1650
00:11:40:00 2166 1368 1337 1629
00:11:30:00 2168 1359 1334 1624
00:11:20:00 2157 1356 1332 1619
00:11:10:00 2151 1348 1331 1615
00:11:00:00 2075 1337 1323 1607
00:10:50:00 2074 1333 1318 1618
00:10:40:00 2058 1329 1315 1597
00:10:30:00 2064 1320 1307 1595
00:10:20:00 2060 1311 1302 1586
00:10:10:00 2060 1315 1303 1581
00:10:00:00 2053 1303 1303 1569
00:09:50:00 2044 1299 1300 1564
00:09:40:00 2120 1290 1292 1579
00:09:30:00 2122 1290 1292 1588
00:09:20:00 2122 1284 1284 1593
00:09:10:00 2117 1292 1283 1306
00:09:00:00 2041 1281 1284 1740
00:08:50:00 2030 1269 1273 1744
00:08:40:00 2026 1269 1278 1736
00:08:30:00 2015 1265 1283 1741
00:08:20:00 2023 1269 1281 1727
00:08:10:00 2022 1260 1276 1719
00:08:00:00 2020 1247 1279 1711
00:07:50:00 2015 1256 1271 1716
00:07:40:00 2018 1248 1272 1708
00:07:30:00 2006 1245 1276 1705
00:07:20:00 2020 1243 1272 1719
00:07:10:00 1998 1242 1277 1696
00:07:00:00 1999 1243 1271 1706
00:06:50:00 2007 1243 1272 1699
00:06:40:00 1997 1259 1272 1710
00:06:30:00 1997 1248 1270 1702
00:06:20:00 2016 1245 1273 1701
00:06:10:00 2021 1242 1273 1702
00:06:00:00 2026 1244 1277 1699
00:05:50:00 2021 1245 1270 1700
00:05:40:00 2022 1240 1271 1702
00:05:30:00 2010 1242 1278 1692
00:05:20:00 2020 1246 1280 1700
00:05:10:00 2008 1236 1276 1699
00:05:00:00 2017 1234 1277 1701
00:04:50:00 2020 1238 1277 1696
00:04:40:00 1996 1237 1276 1698
00:04:30:00 2007 1238 1274 1695
00:04:20:00 1995 1234 1274 1695
00:04:10:00 2007 1237 1281 1694
00:04:00:00 2008 1235 1279 1712
00:03:50:00 2017 1229 1283 1695
00:03:40:00 2009 1232 1282 1697
00:03:30:00 2001 1234 1280 1693
00:03:20:00 2013 1231 1284 1696
00:03:10:00 2012 1229 1283 1693
00:03:00:00 2006 1221 1279 1687
00:02:50:00 2007 1224 1286 1685
00:02:40:00 2015 1226 1292 1692
00:02:30:00 2015 1217 1293 1689
00:02:20:00 2020 1211 1291 1687
00:02:10:00 2023 1215 1292 1690
00:02:00:00 2015 1216 1291 1688
00:01:50:00 2022 1213 1293 1688
00:01:40:00 2019 1209 1294 1678
00:01:30:00 2028 1196 1294 1690
00:01:20:00 2023 1202 1290 1685
00:01:10:00 2023 1198 1296 1683
00:01:00:00 2023 1193 1297 1677
00:00:50:00 2028 1183 1298 1690
00:00:40:00 2025 1183 1300 1678
00:00:30:00 2024 1173 1303 1690
00:00:20:00 2034 1168 1303 1683
00:00:10:00 2033 1158 1299 1687
